PMID
32522846
32333398
32418199
32341442
32228252
32414646
32459372
32374416
32496587
32501810
32501190
32423094
32354022
32513532
32369402
32276140
32511654
32366279
32339157
32553666
32032682
32580440
32549125
32380453
32511625
32370986
32352535
32582134
32234504
31996437
32495299
32307955
32327200
32447630
32406140
32540268
32328850
32141569
32586214
32277367
32303609
32577056
32229706
32323279
32412156
32587651
32350632
32528233
32549071
32320478
32255491
32273490
32606886
32317203
32348166
32573711
32487714
32420934
32348692
32293710
32291526
32554532
32238232
32385672
32303424
32221983
32231328
32617987
32410141
32065055
32511627
32293003
32167747
32423024
32595762
32270559
32394639
32409230
32164092
32255507
32394467
32537478
32430432
32169119
32208987
32360480
32566425
32526012
32278065
32501876
32410003
32378030
32022370
32365180
32364443
32587094
32213556
32482250
32401844
32397951
32462701
32594572
32343593
32318865
32374427
32567938
32269893
32570882
32511473
32215613
32584474
32510524
32302706
32388330
32574196
32553928
32404898
32508311
32554535
32603424
32285293
32445872
32499236
32575476
32574956
32511461
32023682
32268515
32514935
32301766
32511360
32366740
32515982
32326602
32430279
32421367
32568282
32598305
32504925
32422146
32535705
32392562
32100877
32351121
32311451
32492292
32305506
32531372
32205090
32269089
32334062
32336612
32307653
32338605
32538276
32352081
32423095
32562276
32504450
32582302
32492193
32529477
32550243
32395474
32458193
32290293
32415419
32340044
32601601
32445956
32396773
32510973
32327202
32414711
32409501
32476472
32566803
32568687
32313110
32264791
32436229
32239522
32444400
32139904
32463395
32430459
32441816
32446267
32543348
32437244
32498696
32505821
32614740
32316719
32421102
32422320
32511393
32544566
32345140
32344526
32233935
32507883
32409434
32540737
32504757
32572334
32511460
32592038
32523925
32582574
32215622
32594644
32534021
32117569
32544563
32343658
32250244
32428864
32331343
32314329
32561317
32416679
32404529
32577646
32201080
32378705
32356926
32418532
32412918
32244852
32612666
32361911
32469255
32304747
32415260
32577664
32292884
32511356
32410735
32519164
32510598
32348052
32197085
32522067
32491949
32591666
32187929
32403995
32219057
32413300
32299779
32593613
32532805
32482249
32582576
32264922
32376627
32298273
32546188
32485101
32496364
32602627
32149769
32198163
32546047
32542396
32127517
32350106
32547717
32446285
32341101
32389847
32550259
32249956
32586380
32351807
32578263
32360703
32380316
32291076
32607509
32087334
32142651
32511372
32478523
32279908
32335281
32545518
32292919
32580257
32350104
32425701
32345362
32401442
32579957
32350105
32368531
32491073
32573788
32455539
32415481
32363137
32432483
32419926
32418550
32527987
32306836
32417802
32379417
32506743
32511391
32574336
32383269
32283711
32512290
32538775
32492195
32138266
32362217
32391242
32310688
32365751
32325025
32422280
32564046
32469258
32529643
32366490
32388565
32430424
32500793
32492203
32497323
32551648
32360608
32497257
32428113
32469504
32294179
32375085
32376714
32450165
32310915
32437926
32572552
32493627
32574283
32359080
32333222
32447007
32583042
32275855
32281328
32430651
32595357
32388480
32438383
32246101
32577632
32584199
32225175
32571582
32550040
32549200
32227090
32398300
32335337
32186711
32077659
32291196
32536978
32290077
32574268
32353982
32395525
32427288
32389117
32352944
32225176
32306452
32499983
32281327
32511419
32387238
32199615
32577644
32388451
32561291
32389704
32367579
32203189
32300101
32589459
32364961
32602046
32528815
32577696
32574271
32562915
32565362
32511660
32566896
32540428
32592145
32405164
32562137
32305401
32442082
32511366
32404436
32094336
32595360
32464637
32408547
32081428
32442315
32491829
32320687
32543705
32511304
32553273
32544884
32132184
32532094
32232976
32391384
32410761
32531235
32015507
32345124
32380269
32335367
32361098
32210742
32416074
32349031
32544372
32129518
32332765
32400323
32333836
32167153
32410737
32503822
32403977
32286790
32485894
32428380
32333993
32550245
32511311
32591839
32490715
32456695
32446801
32503918
32551560
32345328
32389499
32405117
32422996
32432918
32565763
32334082
32241833
32170560
32251731
32534506
32562913
32503680
32516571
32576357
32283006
32511294
32590326
32511285
32142773
32556552
32354636
32545271
32383758
32380903
32563970
32511295
32130973
32075877
32479856
32189489
32199943
32435059
32596170
32463239
32293672
32449939
32525565
32380787
32516655
32092392
32283245
32327413
32455629
32337769
32338224
32594472
32398309
32551652
32448590
32591908
32155444
32577830
32593740
32534337
32511390
32558150
32402766
32549297
32331255
32582222
32596078
32464367
32525600
32562764
32475223
32469265
32577636
32358202
32376634
32493030
32522207
32233753
32333601
32456846
32430627
32599304
32558946
32454512
32289115
32577631
32380511
32415494
32371814
32511397
32373991
32561270
32511342
32244779
32344305
32511330
32458206
32506195
32369678
32469114
32380565
32405877
32574272
32356628
32416259
32591346
32511298
32405156
32420049
32438330
32531538
32511403
32526206
32550242
32374430
32519842
32406522
32502733
32534505
32587985
32257537
32545268
32450334
32449034
32511628
32453494
32486196
32533197
32520981
32319538
32384820
32587974
32613681
32367746
32472991
32335334
32430427
32352224
32502616
32486188
32577652
32538738
32607511
32562701
32376368
32511533
32385628
32251718
32607393
32364011
32423553
32231330
32573351
32323565
32602823
32468052
32502882
32603479
32577645
32417709
32511315
32511410
32554251
32542337
32574273
32587959
32435607
32388331
32512673
32292848
32301221
32452762
32558308
32511326
32133153
32405183
32552811
32411576
32567171
32382146
32523145
32567823
32283073
32511362
32458400
32522617
32448098
32471251
32511406
32553503
32413319
32601125
32572383
32246845
32125455
32577635
32587958
32534807
32574288
32523872
32544615
32611305
32462996
32512122
32511506
32485164
32426999
32511396
32279064
32562397
32061198
32293910
32564694
32530714
32452644
32266994
32419720
32587077
32390091
32587973
32607506
32311651
32489695
32596694
32600476
32587970
32462267
32511401
32271653
32511321
32532937
32316118
32034638
32587964
32339344
32094589
32383624
32275082
32342126
32366514
32592507
32391742
32511516
32442562
32332922
32412919
32373791
32304146
32607512
32570174
32502296
32432657
32189428
32574246
32407491
32442259
32463365
32391169
32574107
32511409
32577669
32329629
32614717
32613637
32438331
32432681
32577681
32550056
32433344
32511347
32405281
32471115
32330302
32577762
32335209
32335456
32470547
32537248
32511307
32523133
32577716
32446866
32542159
32374032
32574379
32363255
32479133
32425270
32375150
32353370
32564289
32333199
32439915
32533988
32611313
32596696
32430431
32379346
32391299
32274964
32607510
32577642
32454513
32420674
32403217
32430425
32569293
32592657
32410690
32454066
32497334
32613971
32510978
32581256
32413354
32470515
32499922
32433465
32418620
32614719
32348773
32592085
32432519
32437749
32416785
32591762
32583443
32404477
32450087
32333915
32499909